# As_1e9 ns H0 omegab omegam b1
4.604126534698158198e-03 -4.309199978752337634e-04 1.283631129728430575e-01 -1.138156196673652215e-05 -5.564681274022201338e-04 -5.282557411292197790e-04
-4.309199978752337634e-04 6.604846045847306954e-05 -2.353889584255659112e-02 2.021527234033137142e-06 1.110436155977906662e-04 -6.798768287813100673e-05
1.283631129728430575e-01 -2.353889584255659112e-02 1.121939780139254239e+01 -1.032270043239042400e-03 -5.602083779709668421e-02 6.410021908179787398e-02
-1.138156196673652215e-05 2.021527234033137142e-06 -1.032270043239042400e-03 3.892015665489822567e-07 5.507671820922820018e-06 -4.234645472878249358e-06
-5.564681274022201338e-04 1.110436155977906662e-04 -5.602083779709668421e-02 5.507671820922820018e-06 2.843869419227771592e-04 -3.585056013122593817e-04
-5.282557411292197790e-04 -6.798768287813100673e-05 6.410021908179787398e-02 -4.234645472878249358e-06 -3.585056013122593817e-04 9.177780236627986702e-04
